((("error" .
   [1 0 0 0 0])
  ("for" .
   [1 0 0])
  ("continue" .
   [1 0 0 0 0 0 0 0])
  ("found" .
   [1 0 0 0 0])
  ("else" .
   [1 0 0 0])
  ("length" .
   [2 0 0 0 0 0])
  ("typeof" .
   [4 0 0 0 0 0])
  ("console" .
   [7 0 0 0 0 0 0])
  ("obj" .
   [9 0 0])
  ("log" .
   [8 0 0])
  ("result" .
   [1 0 0 0 0 0])
  ("null" .
   [2 0 0 0])
  ("count" .
   [5 0 0 0 0])
  ("data" .
   [1 0 0 0])
  ("map" .
   [2 0 0])
  ("arr" .
   [2 0 0])
  ("tags" .
   [2 0 0 0])
  ("prop" .
   [13 0 0 0])
  ("loopObj" .
   [2 0 0 0 0 0 1])
  ("loopArray" .
   [1 0 0 0 2 0 0 0 0])
  ("isInTags" .
   [0 0 1 0 0 0 0 0])
  ("return" .
   [3 0 0 0 0 0])
  ("indexOf" .
   [3 0 0 0 0 0 0])
  ("tag" .
   [11 0 0])
  ("if" .
   [2 0])
  ("array" .
   [7 0 0 0 0])
  ("const" .
   [4 0 0 0 0])
  ("inline-table" .
   [1 0 0 0 0 0 0 0 0 0 0 0])
  ("auto" .
   [0 0 1 0])
  ("a" .
   [1])
  ("none" .
   [1 0 0 0])
  ("important" .
   [2 0 0 0 0 0 0 0 0])))
